%%
87
%%
0
14
14
63
63
117
117
164
164
164
164
166
166
169
169
169
169
176
176
176
176
201
201
220
220
228
228
278
278
334
334
341
341
345
345
388
388
414
414
460
460
464
464
516
516
517
517
521
521
536
536
563
563
567
567
573
573
580
580
580
580
598
598
598
598
605
605
704
704
709
709
736
736
779
779
781
781
789
789
798
798
820
820
823
823
845
845
852
852
858
858
871
871
873
873
876
876
895
895
1044
1044
1052
1052
1055
1055
1068
1068
1069
1069
1072
1072
1123
1123
1124
1124
1130
1130
1151
1151
1154
1154
1159
1159
1159
1159
1163
1163
1213
1213
1229
1229
1238
1238
1244
1244
1245
1245
1248
1248
1289
1289
1289
1289
1317
1317
1320
1320
1335
1335
1336
1336
1359
1359
1383
1383
1383
1383
1433
1433
1440
1440
1447
1447
1453
1453
1480
1480
1483
1483
1578
1578
1586
1586
1611
1611
1613
1613
1711
1711
1762
1762
1782
1782
1782
1782
1802
1802
1805
1805
1829
1829
1835
1835
1848
1848
1854
1854
1864
1864
1873
1873
1873
1873
1879
1879
1887
1887
1889
1889
1893
1893
1900
1900
1900
1900
1943
1943
1953
1953
1953
1953
1960
1960
1971
1971
1978
1978
1989
1989
2007
2007
2015
2015
2062
2062
2078
2078
2097
2097
2143
2143
2164
2164
2194
2194
2279
2279
2280
2280
2281
2281
2283
2283
2288
2288
2294
2294
2297
2297
2298
2298
2301
2301
2304
2304
2305
2305
2351
2351
2352
2352
2373
2373
2376
2376
2378
2378
2468
2468
2484
2484
2490
2490
2592
2592
2608
2608
2618
2618
2657
2657
2749
2749
2756
2756
2778
2778
2787
2787
2790
2790
2790
2790
2812
2812
2818
2818
2825
2825
2825
2825
2836
2836
2838
2838
2846
2846
2852
2852
2853
2853
2875
2875
2878
2878
2880
2880
2882
2882
2883
2883
2883
2883
2884
2884
2884
2884
2894
2894
2898
2898
2899
2899
2905
2905
2911
2911
2919
2919
2941
2941
2950
2950
2968
2968
2968
2968
3067
3067
3088
3088
3109
3109
3109
3109
3157
3157
3181
3181
3182
3182
3183
3183
3201
3201
3222
3222
3240
3240
3248
3248
3252
3252
3270
3270
3278
3278
3296
3296
3339
3339
3339
3339
3339
3339
3339
3339
3340
3340
3345
3345
3369
3369
3372
3372
3376
3376
3377
3377
3378
3378
3382
3382
3384
3384
3401
3401
3426
3426
3429
3429
3448
3448
3457
3457
3458
3458
3464
3464
3475
3475
3491
3491
3515
3515
3524
3524
3575
3575
3627
3627
3672
3672
3676
3676
3694
3694
3701
3701
3744
3744
3753
3753
3772
3772
3781
3781
3789
3789
3791
3791
3845
3845
3863
3863
3871
3871
3871
3871
3872
3872
3872
3872
3882
3882
3921
3921
3923
3923
3925
3925
3926
3926
3926
3926
3933
3933
3946
3946
3959
3959
3960
3960
3993
3993
3996
3996
3996
3996
4003
4003
4013
4013
4017
4017
4065
4065
4071
4071
4077
4077
4096
%%
14
19
49
75
84
88
101
122
133
138
178
187
230
255
2
3
11
13
17
18
19
21
27
33
35
36
40
45
49
55
58
69
73
78
84
88
92
99
107
112
117
119
121
122
135
138
139
141
145
169
173
174
178
187
189
193
194
210
211
218
219
230
231
1
18
33
36
45
48
49
55
63
69
73
75
76
78
82
86
88
89
94
107
115
116
117
119
120
122
126
131
133
138
141
142
144
145
178
182
187
191
192
194
200
213
216
218
220
224
226
230
231
236
237
242
244
252
1
14
17
21
33
35
36
38
49
55
65
66
69
71
78
79
84
88
89
96
103
114
119
120
121
122
126
128
130
133
138
141
144
145
148
178
186
219
220
224
227
230
231
237
250
252
254
182
216
49
145
178
36
55
88
141
219
222
226
13
14
17
19
24
33
35
40
49
58
63
78
84
88
107
116
118
119
122
133
138
145
160
178
219
1
18
21
33
49
84
86
88
94
114
116
117
119
120
122
151
160
193
214
24
33
69
76
84
118
141
218
1
10
14
17
19
21
24
33
35
36
42
48
49
52
55
63
71
78
82
84
88
89
94
104
107
111
114
116
122
133
138
142
144
145
151
178
180
182
183
187
193
203
214
219
222
224
236
243
246
252
0
3
10
13
17
21
24
33
35
36
40
48
49
50
55
58
63
64
69
73
75
78
84
88
107
108
114
115
117
118
122
133
138
141
142
144
145
147
149
175
178
187
188
191
194
207
208
214
215
218
220
226
227
231
246
255
21
49
96
122
141
230
246
189
224
230
246
1
3
10
13
14
25
27
30
33
36
39
49
55
63
75
78
83
84
86
88
89
96
107
117
122
135
138
141
144
145
174
178
189
193
194
200
218
219
221
228
230
252
254
1
2
11
21
24
25
33
49
69
82
84
88
89
98
116
117
119
122
133
138
141
144
158
220
230
244
0
1
10
13
21
33
34
36
40
48
49
55
69
76
78
80
84
86
88
95
108
112
118
121
122
133
138
141
144
145
147
158
172
178
180
182
193
194
200
218
220
224
228
236
237
252
49
84
94
218
1
3
11
13
14
15
18
19
26
30
33
34
43
49
52
55
58
64
69
78
84
89
97
107
110
116
119
121
122
135
139
141
142
144
145
148
152
178
180
182
186
190
218
219
220
224
230
237
246
249
252
253
145
49
78
113
219
10
12
13
14
18
49
88
107
113
145
162
178
179
188
255
17
18
27
33
41
49
69
75
83
84
88
99
102
122
133
138
141
161
173
174
178
182
183
218
224
246
252
21
49
88
219
1
17
25
49
84
216
78
88
89
107
145
182
230
17
21
33
36
49
55
63
84
90
94
113
120
122
141
155
158
224
230
49
63
98
133
141
188
220
1
2
3
10
11
12
13
14
17
18
19
21
25
30
35
36
42
45
49
52
54
55
60
63
64
68
69
71
75
76
78
79
82
84
86
88
89
92
93
94
96
98
99
102
107
111
112
113
114
115
116
117
118
119
120
121
122
133
135
138
139
140
141
142
144
145
147
152
153
160
174
178
179
180
182
183
187
188
194
200
207
210
214
216
217
218
219
220
223
224
227
230
231
237
242
244
246
252
254
19
21
63
88
207
1
3
10
13
14
33
42
49
75
76
78
80
84
89
112
122
138
144
145
158
178
191
199
200
213
218
224
1
2
3
8
13
14
17
19
30
33
48
49
55
63
75
76
84
85
86
88
89
110
116
118
119
122
133
138
141
145
146
171
175
178
182
194
206
208
218
224
230
246
252
49
138
3
49
120
138
141
178
210
218
17
49
76
82
84
141
145
178
224
1
10
14
19
42
49
63
71
84
88
116
119
122
127
141
155
178
183
188
219
224
246
25
84
141
13
33
35
40
49
69
75
84
90
107
115
120
122
141
145
146
147
178
224
237
251
252
21
49
89
122
178
183
217
71
84
122
138
144
188
1
2
33
49
92
122
138
144
145
178
194
200
230
49
178
49
69
224
2
13
14
19
36
49
78
81
88
89
122
127
138
145
180
219
230
246
252
0
1
2
3
6
10
11
13
14
15
17
18
19
20
21
23
24
25
26
27
30
32
33
35
36
37
38
39
40
42
43
45
46
47
48
52
55
56
57
58
63
64
65
69
71
73
78
79
80
82
84
85
86
88
89
90
92
93
94
95
101
105
107
108
111
113
114
116
117
118
119
120
121
122
128
130
133
135
136
138
139
140
141
142
143
144
145
146
147
148
149
151
153
155
157
160
168
172
173
174
175
178
179
180
182
183
186
187
188
190
191
193
194
199
200
201
207
208
209
210
211
215
216
218
219
220
222
223
224
225
226
227
228
229
230
231
232
237
243
244
246
247
249
250
251
252
253
254
255
14
63
88
107
113
133
145
182
73
135
138
13
21
33
49
89
110
117
141
145
160
188
220
224
144
33
88
220
1
2
3
8
13
14
17
19
21
30
33
36
49
63
71
84
88
89
98
114
116
117
119
122
133
138
139
141
142
143
151
176
178
179
182
186
187
188
194
207
208
214
218
219
220
230
236
247
250
252
255
49
49
88
111
135
141
178
1
10
14
21
49
71
78
84
89
97
116
117
119
141
178
179
182
191
194
208
246
119
160
182
33
64
171
174
182
190
237
242
246
2
10
13
14
17
30
32
33
34
36
40
49
50
55
69
71
75
76
78
84
88
89
94
101
114
118
121
122
141
144
145
171
172
178
179
182
186
187
194
200
205
208
216
218
220
230
243
246
252
255
14
21
33
49
60
75
78
138
145
178
179
218
219
224
249
252
3
49
71
73
144
145
178
220
236
3
120
186
194
222
246
94
33
88
252
1
2
3
12
14
18
19
21
25
33
42
47
49
63
78
84
86
88
99
107
119
120
122
135
138
139
144
145
155
174
178
182
191
193
200
208
224
226
231
246
252
3
13
33
40
44
49
55
58
63
65
73
89
90
116
122
138
141
145
151
182
194
202
207
208
219
230
231
249
145
207
219
1
2
14
49
51
65
71
78
138
145
151
178
194
217
220
147
0
2
14
17
25
33
35
36
42
63
64
76
84
94
119
141
168
180
216
218
226
231
237
2
12
19
33
35
36
39
63
75
84
86
88
96
138
139
141
148
156
178
194
211
218
251
255
1
2
3
10
13
14
17
19
21
23
28
33
35
48
49
58
63
64
69
73
82
84
85
88
89
92
94
98
107
116
119
122
133
138
139
141
144
145
169
176
178
180
187
194
200
208
224
230
251
252
3
33
49
88
143
145
236
19
35
49
84
121
182
186
48
116
118
138
145
160
2
13
18
33
39
49
78
84
88
92
113
116
118
122
133
138
141
142
145
178
187
194
219
226
227
237
252
17
25
194
0
1
3
10
11
12
13
14
17
18
19
20
21
25
27
30
33
35
36
39
40
41
42
44
49
55
58
63
69
75
76
78
80
82
86
88
89
92
94
96
97
99
103
107
114
116
117
119
120
121
122
133
138
141
142
144
145
148
160
171
173
174
176
178
179
180
182
183
186
187
188
189
191
194
199
200
207
208
210
216
218
219
220
222
223
224
225
226
230
232
237
243
244
249
252
36
49
78
107
118
138
174
218
2
11
17
19
33
36
49
69
76
84
88
98
112
116
122
136
144
145
178
194
209
218
219
236
237
92
121
0
1
2
3
8
10
11
13
14
17
18
19
24
25
26
28
33
34
36
40
48
49
50
54
55
57
63
68
69
76
78
79
82
84
86
89
90
92
94
99
104
107
108
112
115
116
119
120
121
122
126
135
138
139
140
141
143
144
145
147
151
160
171
174
175
176
178
179
182
183
186
187
190
191
192
193
194
200
207
208
210
214
215
216
217
218
219
220
223
224
225
226
230
231
232
237
246
252
2
3
13
17
18
21
28
33
35
36
43
48
49
52
55
58
63
71
78
84
88
90
92
107
121
122
133
135
138
140
141
142
144
145
146
157
182
183
191
194
200
205
208
214
215
218
220
222
230
237
252
30
42
49
71
88
89
96
107
108
121
138
141
147
178
182
191
219
225
230
239
1
33
45
49
78
82
84
87
88
89
94
98
122
128
138
141
144
218
224
226
33
49
155
2
11
13
20
30
33
49
63
67
75
78
84
88
92
102
105
107
138
141
145
191
211
220
237
19
49
127
194
215
218
3
15
17
33
76
84
90
119
133
141
145
174
178
21
58
84
175
176
237
18
32
33
55
78
86
92
145
151
182
1
25
33
69
84
88
138
141
208
0
49
63
138
141
244
25
33
94
107
121
141
219
230
3
84
13
88
144
216
49
94
133
178
183
224
230
1
2
10
13
14
17
21
24
28
33
42
49
50
69
78
84
85
88
89
90
94
102
114
116
119
120
122
133
138
141
143
145
160
170
175
176
178
179
216
218
220
230
253
14
19
49
88
90
145
166
183
200
219
21
36
52
138
141
178
192
13
33
49
57
119
122
141
178
183
194
220
1
19
33
35
86
88
141
23
24
30
33
49
50
82
138
145
178
219
3
11
13
14
33
49
55
63
84
107
122
133
138
141
145
168
237
239
2
14
33
42
88
141
219
220
2
10
11
13
18
21
33
36
40
49
55
58
71
78
81
82
84
86
88
107
122
133
135
138
141
144
145
152
153
155
157
178
182
183
184
186
189
194
200
201
210
216
219
221
224
238
252
1
2
11
14
17
18
33
49
52
55
58
84
122
138
178
179
10
12
14
19
33
36
49
63
81
82
85
119
138
178
188
219
220
222
255
1
2
3
10
11
18
21
33
36
40
49
55
58
59
69
75
78
84
88
96
107
111
118
120
121
122
133
136
138
141
163
178
179
182
183
193
194
207
217
218
220
230
231
237
243
246
2
3
11
30
33
38
42
49
66
69
84
88
107
119
121
176
178
182
237
252
253
1
3
19
21
33
49
63
80
84
87
88
89
90
102
119
120
133
138
141
145
147
178
188
220
222
226
230
240
252
255
0
1
2
3
10
11
13
14
15
17
18
19
21
25
30
33
35
36
40
42
43
44
45
48
49
55
63
69
71
78
82
84
86
88
89
92
107
111
114
116
117
119
127
133
137
138
141
142
144
145
146
147
151
152
157
160
163
168
169
176
178
179
180
182
185
186
192
193
204
206
208
212
218
219
220
222
223
224
225
227
228
230
237
252
255
138
237
147
182
2
3
88
141
220
40
48
95
122
141
178
3
49
92
250
3
49
141
2
178
219
220
0
2
3
10
13
14
18
19
25
32
33
36
49
50
55
78
82
84
89
96
105
107
114
116
119
121
122
138
141
142
144
145
160
162
168
178
182
188
208
214
218
219
224
230
243
250
244
1
17
21
33
49
51
57
69
88
89
116
141
145
155
160
178
186
194
237
252
255
49
86
119
122
246
0
1
2
3
10
13
14
17
18
19
25
33
35
36
37
38
44
45
48
49
51
55
64
69
71
73
76
78
81
82
84
85
88
89
90
92
94
99
101
107
110
113
114
116
117
118
119
121
122
123
133
141
142
144
145
147
151
157
160
173
174
176
178
179
180
182
183
187
191
192
193
194
199
205
207
208
210
216
217
218
219
220
224
226
230
236
237
246
252
255
1
21
33
49
55
69
76
78
88
141
145
146
186
188
210
226
33
49
88
89
145
194
1
2
3
8
12
14
15
17
18
19
21
25
30
32
33
36
38
39
40
41
42
49
52
55
57
58
63
71
75
76
78
82
84
88
89
90
92
94
96
99
101
102
107
110
111
112
114
115
116
119
121
122
126
127
130
133
135
138
139
142
143
144
145
147
148
152
155
168
169
174
176
178
179
180
182
183
186
188
191
194
199
200
207
210
214
215
216
218
219
220
222
224
225
228
229
230
237
244
245
246
252
255
2
13
14
21
33
49
55
82
84
89
122
133
138
141
213
219
49
55
79
88
107
141
145
178
219
252
2
3
13
14
17
18
19
21
33
35
44
45
49
53
63
65
69
78
84
86
88
89
92
104
116
122
133
138
141
145
160
174
178
193
200
218
230
236
237
1
2
3
6
10
13
14
17
19
21
22
24
28
33
35
36
39
42
45
48
49
50
52
63
64
65
69
71
72
73
78
79
81
82
84
86
88
89
94
96
98
107
108
113
114
116
121
122
133
135
138
139
140
141
143
144
146
147
151
153
155
158
168
172
174
178
182
187
189
191
192
193
194
200
210
211
215
216
218
219
220
224
228
230
232
237
243
244
246
250
252
255
36
42
49
89
122
139
145
14
19
33
42
49
74
88
90
121
122
125
138
141
145
155
176
178
210
220
226
227
252
3
21
49
76
84
141
151
211
232
14
49
226
11
13
49
55
71
73
88
98
122
138
145
148
164
174
180
186
218
219
220
224
230
252
21
33
116
122
141
180
33
49
116
145
183
218
242
30
40
49
69
93
116
135
141
145
147
230
76
175
49
89
116
122
138
176
178
187
18
19
30
35
145
178
178
10
11
33
49
52
59
81
84
88
107
122
133
135
138
144
178
187
194
208
216
218
230
25
218
244
24
133
119
122
151
108
49
75
114
122
133
141
145
182
215
216
1
78
122
141
107
36
60
63
84
88
216
19
49
63
145
213
250
1
25
49
84
138
178
208
231
1
17
25
33
49
60
69
84
85
88
96
138
141
144
145
151
178
188
211
223
225
237
14
36
49
88
97
107
156
219
237
55
78
84
88
97
107
120
122
138
141
147
157
178
200
219
224
237
246
0
1
2
3
6
10
13
14
17
19
21
24
25
33
35
36
38
39
40
42
43
45
46
49
55
57
58
63
64
65
69
73
76
78
82
84
86
88
90
96
105
107
110
111
113
116
117
118
119
120
121
122
127
131
133
135
138
141
143
144
145
147
157
158
159
160
173
174
176
179
182
183
191
193
194
198
200
205
207
208
209
213
214
216
217
218
219
220
222
224
226
227
230
237
243
244
249
250
252
24
33
49
55
58
63
64
84
88
107
117
119
122
138
141
178
210
215
231
242
246
13
19
21
33
48
49
75
78
84
122
138
141
151
152
183
207
208
215
230
237
252
2
5
13
19
21
25
28
33
36
49
50
55
58
59
60
63
69
71
80
84
88
89
90
98
116
119
120
122
125
133
138
141
145
168
178
194
210
215
220
224
226
230
232
237
243
252
253
255
13
25
33
40
43
49
84
88
89
105
108
111
116
119
138
141
153
178
180
208
215
220
232
252
116
122
3
21
49
55
63
66
80
84
88
116
122
135
139
141
151
218
226
255
0
1
2
13
14
33
49
55
63
78
82
84
88
138
145
157
160
219
220
222
224
14
24
32
33
40
44
49
52
55
84
118
121
133
139
141
174
194
202
1
16
17
84
116
145
222
230
21
49
62
88
2
14
35
49
58
69
84
88
89
90
94
138
141
145
178
200
219
244
2
88
110
122
138
145
211
219
1
11
13
17
19
49
69
88
119
122
138
144
145
178
219
224
231
250
1
2
14
17
19
33
36
45
49
55
58
63
66
71
73
76
78
82
83
84
86
88
89
95
111
116
119
135
138
140
141
145
160
178
182
188
200
215
224
230
231
246
247
178
35
49
84
138
141
2
17
19
33
35
45
49
63
69
78
84
88
89
108
116
141
144
145
176
178
191
194
216
218
49
116
255
71
188
218
219
13
122
63
89
138
178
36
122
14
33
34
49
55
71
72
84
88
119
138
141
178
180
210
225
252
14
36
49
55
58
63
69
71
78
84
88
89
99
122
133
138
160
173
178
180
183
210
220
228
246
49
86
178
1
33
38
49
84
88
116
138
139
141
145
147
179
182
207
208
223
230
252
1
49
76
94
145
148
174
192
243
122
2
35
142
172
178
237
11
13
14
33
55
88
89
133
141
178
230
14
49
88
89
95
141
145
168
179
180
182
183
194
230
244
252
2
5
27
33
49
63
75
84
88
104
107
116
138
141
145
160
168
171
178
200
220
224
246
254
33
43
73
88
119
138
178
218
252
1
2
12
14
17
19
20
21
25
33
35
36
38
49
55
63
64
75
76
84
85
86
88
89
92
95
107
119
122
133
138
141
144
145
151
153
160
161
178
186
200
202
217
219
224
234
237
242
243
249
252
1
3
8
10
13
17
21
23
26
33
40
48
49
55
64
71
72
82
84
86
88
90
102
108
113
115
116
118
122
131
133
138
141
142
143
145
151
175
176
178
187
191
192
193
202
218
220
224
230
237
246
252
2
3
14
18
19
21
32
33
49
52
54
55
63
65
73
84
88
89
94
107
111
115
118
119
121
122
126
132
138
141
145
147
151
178
182
183
187
208
216
219
222
230
231
246
255
17
116
230
252
8
13
49
66
84
89
118
121
122
141
178
187
189
220
232
238
243
250
33
49
84
88
122
174
210
2
3
13
16
19
21
25
30
33
35
36
39
40
42
47
49
52
64
69
78
84
88
92
105
116
122
133
138
141
145
151
176
178
182
187
193
194
216
218
219
230
237
255
49
84
88
90
122
141
174
207
243
2
8
14
49
69
75
82
84
88
92
121
138
139
147
149
178
182
186
242
3
14
33
49
82
122
147
178
237
17
19
49
122
141
145
208
230
49
141
0
1
2
3
15
16
17
18
21
28
30
33
36
45
48
49
55
63
71
78
84
88
89
90
102
105
107
119
121
122
133
138
141
144
145
151
155
160
178
180
182
189
194
210
214
215
219
220
221
224
228
231
246
252
1
2
3
14
33
49
69
71
75
88
119
173
179
193
194
220
230
252
49
84
88
145
148
182
183
222
218
2
13
19
55
65
79
86
138
144
254
2
3
19
21
33
42
49
62
75
82
84
86
88
89
94
97
114
119
120
122
124
135
138
141
144
145
174
175
176
178
180
182
213
218
219
224
227
246
252
116
222
90
114
121
2
33
62
153
179
218
226
13
49
63
84
119
133
145
178
182
211
218
222
225
2
18
33
49
84
101
134
141
145
161
178
191
215
141
13
14
15
16
21
25
33
36
40
48
49
58
62
63
66
69
88
119
137
138
141
145
176
179
194
208
216
219
220
230
237
252
253
49
55
194
21
49
64
71
84
178
218
3
49
55
129
133
145
172
178
193
222
42
49
76
78
2
3
13
17
19
21
25
33
36
42
48
49
55
63
64
68
69
78
82
84
88
89
116
120
121
122
135
138
141
143
145
147
151
178
180
182
183
207
210
215
217
218
219
221
230
231
237
246
21
49
107
120
182
246
3
17
33
49
216
236
0
14
24
49
55
63
76
118
121
122
135
138
141
145
182
186
201
220
224
